<?xml version="1.0" encoding="UTF-8" standalone="no"?>
<!-- Created with Inkscape (http://www.inkscape.org/) -->

<svg
   width="200mm"
   height="200mm"
   viewBox="0 0 200 200"
   version="1.1"
   id="svg5"
   inkscape:export-filename="bitmap.png"
   inkscape:export-xdpi="32.512001"
   inkscape:export-ydpi="32.512001"
   inkscape:version="1.2.2 (732a01da63, 2022-12-09, custom)"
   sodipodi:docname="logo"
   xmlns:inkscape="http://www.inkscape.org/namespaces/inkscape"
   xmlns:sodipodi="http://sodipodi.sourceforge.net/DTD/sodipodi-0.dtd"
   xmlns="http://www.w3.org/2000/svg"
   xmlns:svg="http://www.w3.org/2000/svg">
  <sodipodi:namedview
     id="namedview7"
     pagecolor="#ffffff"
     bordercolor="#000000"
     borderopacity="0.25"
     inkscape:showpageshadow="2"
     inkscape:pageopacity="0.0"
     inkscape:pagecheckerboard="0"
     inkscape:deskcolor="#d1d1d1"
     inkscape:document-units="mm"
     showgrid="false"
     inkscape:zoom="1.3902192"
     inkscape:cx="240.9692"
     inkscape:cy="361.4538"
     inkscape:window-width="2494"
     inkscape:window-height="1376"
     inkscape:window-x="0"
     inkscape:window-y="0"
     inkscape:window-maximized="1"
     inkscape:current-layer="layer1" />
  <defs
     id="defs2" />
  <g
     inkscape:label="Layer 1"
     inkscape:groupmode="layer"
     id="layer1">
    <path
       style="fill:#000000;stroke-width:0.264583"
       id="path962"
       d="m 22.124654,57.857757 c 1.749873,-2.79745 4.540247,-4.755885 7.148322,-6.685126 3.915238,-2.699954 8.013321,-5.121095 11.942603,-7.800205 0.749454,-0.511003 1.48617,-1.040443 2.229252,-1.560664 2.552362,-1.929579 5.085586,-3.950329 7.092167,-6.466279 1.112076,-1.39437 1.240573,-1.744014 2.111719,-3.255153 0.935093,-1.868908 1.646412,-3.901749 1.452272,-6.026335 -0.119949,-1.31266 -0.378823,-1.795649 -0.815917,-3.03493 -0.838113,-1.876589 -1.962536,-3.621379 -3.406783,-5.090307 -0.797192,-0.810819 -1.08775,-0.986723 -1.973858,-1.667638 -3.619473,-1.02358 -6.580126,-4.56249 -10.327156,-5.813458 -1.180867,-0.394238 -2.490578,-0.6343198 -3.732728,-0.7050615 -0.468442,-0.026678 -0.938398,-0.0018 -1.407599,-0.00271 -2.577743,0.1508223 -5.251963,0.5655005 -7.540454,1.8429695 -0.431602,0.240926 -0.824005,0.546184 -1.236007,0.819276 -0.359218,0.333278 -0.751579,0.634065 -1.077655,0.999832 -1.462441,1.64045 -2.215722,3.821297 -2.713155,5.921309 -0.144801,0.611307 -0.248017,1.231724 -0.372026,1.847586 -0.594972,3.300192 -0.848006,6.651122 -0.771483,10.002977 0.0162,0.709597 0.06105,1.418252 0.09157,2.127377 0.206827,3.632288 0.569879,7.253777 1.065158,10.857527 0.522198,3.229115 0.869208,6.480735 1.179889,9.735663 0.41438,3.913071 0.653417,7.837916 0.790002,11.769437 0.161999,4.999855 0.190647,10.00253 0.169159,15.004536 -0.09069,5.007766 0.06796,10.013299 0.230164,15.017644 0.147579,4.675436 0.185939,9.352896 0.312157,14.028816 0.126625,4.08968 0.06734,8.18144 0.117644,12.27198 0.09714,3.68358 0.135719,7.36776 0.142617,11.05248 -0.03,3.25822 -0.162963,6.5141 -0.258319,9.77076 -0.06902,3.09007 -0.180453,6.17889 -0.23992,9.26918 -0.06901,2.80469 -0.05799,5.61086 -0.192023,8.41351 -0.09258,2.24648 -0.34438,4.48078 -0.756401,6.69013 -0.388268,1.85686 -1.115104,3.58962 -2.09261,5.2067 -0.801204,1.31236 -1.78278,2.49449 -2.798844,3.64318 -0.863319,1.00655 -1.884964,1.84127 -3.006346,2.53901 -0.184658,0.0588 -0.904099,0.50536 -1.083147,0.3783 -0.100166,-0.0711 -0.321149,-0.35876 -0.212875,-0.30077 2.683557,1.43732 5.314424,2.97092 7.971635,4.45639 -0.226856,-0.16036 -0.470245,-0.29958 -0.680567,-0.48108 -1.390093,-1.19961 -2.389887,-2.8735 -3.118851,-4.53789 -0.195696,-0.44682 -0.349826,-0.91072 -0.524738,-1.36608 -0.727499,-2.24156 -0.837479,-4.62027 -0.431762,-6.93756 0.0713,-0.40725 0.18339,-0.80629 0.275085,-1.20944 0.277361,-0.99607 0.628098,-1.98334 1.164926,-2.87299 0.4644,-0.76962 1.07207,-1.43531 1.677007,-2.09303 0.893364,-0.90823 1.84682,-1.77181 2.951714,-2.41831 0.765578,-0.44795 1.018573,-0.51466 1.846393,-0.84969 0.361717,-0.11115 0.718484,-0.23991 1.085153,-0.33344 0.901183,-0.22987 1.835458,-0.3679 2.757684,-0.4711 1.983176,-0.22194 3.943844,-0.27414 5.937078,-0.29771 5.138824,-0.0128 10.270206,0.31282 15.398686,0.59992 5.771009,0.29044 11.527978,0.79051 17.280871,1.32092 4.246332,0.3935 8.486172,0.84913 12.710186,1.43616 4.820005,0.71983 9.637805,1.44948 14.428917,2.34401 4.765704,0.96234 9.53726,1.89504 14.29852,2.87926 4.69987,0.97243 9.46931,1.50063 14.23363,2.03341 4.4872,0.46375 8.96214,1.0809 13.46117,1.42814 0.73439,0.0567 1.47036,0.0907 2.20554,0.13606 3.77425,0.17508 7.55078,-0.0671 11.31355,-0.34728 4.05691,-0.28331 8.11688,-0.5408 12.16173,-0.96644 1.74796,-0.17379 3.49947,-0.31967 5.23329,-0.60945 0.73149,-0.12226 1.46697,-0.26253 2.17554,-0.4876 0.29589,-0.094 0.58117,-0.21858 0.87176,-0.32788 1.75228,-0.80393 3.55173,-1.48236 5.36137,-2.14336 1.95602,-0.73654 3.91396,-1.46793 5.87665,-2.18689 1.56496,-0.49683 3.0863,-1.12777 4.65279,-1.61804 0.49427,-0.17697 0.26416,-0.089 0.69161,-0.26054 0,0 -8.23214,-5.49093 -8.23214,-5.49093 v 0 c -0.36444,0.16432 -0.16221,0.077 -0.60861,0.25755 -1.47343,0.62168 -2.9443,1.24843 -4.46674,1.74547 -2.36338,0.87641 0.32487,-0.10686 -2.16898,0.76067 -1.25588,0.43688 -2.47533,0.97041 -3.73181,1.40557 -1.81879,0.66074 -3.61825,1.36381 -5.40193,2.11409 -2.51105,0.87276 -5.12776,1.2206 -7.76441,1.4953 -4.0793,0.37142 -8.16826,0.60813 -12.2559,0.86765 -3.70689,0.24487 -7.42413,0.4936 -11.1404,0.32421 -5.16672,-0.29573 -10.31666,-0.82726 -15.45113,-1.47107 -4.81151,-0.60249 -9.61663,-1.26242 -14.371187,-2.22877 -4.737102,-0.92902 -9.477417,-1.84148 -14.209977,-2.79356 -4.840494,-0.88271 -9.704141,-1.62194 -14.562923,-2.39565 -4.182933,-0.59508 -8.384693,-1.00897 -12.600543,-1.29251 -5.745943,-0.45214 -11.491465,-0.91366 -17.244732,-1.26516 -5.194114,-0.32663 -10.39219,-0.64987 -15.598625,-0.66826 -2.070716,0.015 -4.135643,0.0365 -6.197385,0.25714 -1.067968,0.11431 -1.938595,0.24433 -2.965727,0.52793 -0.394028,0.10879 -0.775674,0.25828 -1.163511,0.38742 -0.342673,0.15261 -0.69285,0.28938 -1.028019,0.45784 -1.538475,0.77325 -2.844995,1.90862 -4.03948,3.13335 -0.6523177,0.73171 -1.3014695,1.46904 -1.7906819,2.32567 -0.5571398,0.97557 -0.9057159,2.05555 -1.1890812,3.13626 -0.092238,0.43459 -0.2029094,0.86567 -0.2767131,1.30377 -0.4114266,2.44221 -0.4476041,4.96672 0.2590668,7.35661 0.1659937,0.48184 0.3115624,0.97122 0.497981,1.44554 0.7711985,1.96221 1.8388893,3.85628 3.2810454,5.40198 0.181344,0.1027 6.080128,5.92857 9.539643,4.99035 0.370577,-0.10049 0.879555,-0.49948 1.21249,-0.68878 1.094877,-0.83192 2.077389,-1.80044 3.005357,-2.81321 1.071093,-1.18859 2.112438,-2.405 2.900007,-3.80707 0.35415,-0.62138 0.540023,-0.91865 0.845299,-1.57583 0.58915,-1.2683 0.981625,-2.61096 1.318138,-3.9649 0.189371,-0.93381 0.273389,-1.27355 0.404506,-2.21414 0.213715,-1.53315 0.298117,-3.08152 0.368461,-4.62647 0.120325,-2.82479 0.05594,-5.65149 0.115679,-8.47783 0.07439,-3.09276 0.175882,-6.18484 0.208497,-9.27848 0.08796,-3.27229 0.268486,-6.54262 0.240808,-9.81708 -0.04722,-3.69266 -0.101087,-7.3853 -0.171392,-11.07759 -0.09196,-4.11388 -0.146534,-8.22861 -0.242872,-12.34245 -0.09922,-4.69927 -0.24317,-9.39746 -0.426553,-14.094216 -0.151638,-4.990841 -0.212363,-9.98297 -0.209394,-14.976094 -0.03091,-4.991365 0.0021,-9.982872 -0.05256,-14.974059 -0.09035,-3.91655 -0.227,-7.831807 -0.595252,-11.73385 -0.268618,-3.271433 -0.655979,-6.52938 -1.146495,-9.775312 -0.535014,-3.602865 -1.028361,-7.217119 -1.262333,-10.853914 -0.08239,-1.793857 -0.135194,-2.351839 -0.110098,-4.141116 0.03642,-2.596507 0.308007,-5.187053 0.766233,-7.742196 0.528969,-2.510133 1.110898,-5.229041 2.926953,-7.172925 0.30016,-0.321286 0.659586,-0.581574 0.989375,-0.872361 0.379656,-0.237638 0.742194,-0.505114 1.138966,-0.712914 2.240444,-1.173375 4.824481,-1.469004 7.315123,-1.466658 0.458356,0.03426 0.918771,0.04751 1.375071,0.10278 0.746474,0.09041 1.74597,0.300105 2.468139,0.523118 3.15591,0.974574 8.34699,4.834086 -4.931915,-3.231879 0.876961,0.58191 1.29132,0.814195 2.089782,1.521559 1.507313,1.33534 2.706145,2.9693 3.606028,4.765677 0.427302,1.035287 0.742198,1.61716 0.915807,2.725846 0.306639,1.958213 -0.291737,3.887941 -1.087025,5.651604 -0.786608,1.456206 -0.902491,1.800256 -1.927674,3.149666 -1.892861,2.491507 -4.326168,4.496207 -6.798884,6.382342 -0.726888,0.52106 -1.446102,1.052992 -2.180664,1.563177 -3.922657,2.724454 -8.046225,5.139815 -12.019133,7.787727 -2.821372,1.974517 -5.720829,3.931894 -8.023036,6.52408 0,0 8.5315,5.025277 8.5315,5.025277 z" />
    <path
       style="fill:#000000;stroke-width:0.264583"
       id="path966"
       d="m 162.34149,80.989008 c -3.89091,1.99155 -7.73764,4.075721 -11.46287,6.364914 -1.16692,0.717084 -2.31282,1.467832 -3.46923,2.201749 -4.72933,3.103422 -9.10358,6.733196 -12.81974,11.009759 -2.35402,2.70902 -2.70831,3.41464 -4.69998,6.34736 -2.5214,4.08132 -4.42363,8.51338 -5.56016,13.17668 -0.24294,0.99682 -0.46122,2.00181 -0.6097,3.01701 -0.13241,0.90538 -0.15437,1.82349 -0.23156,2.73524 0.0711,0.83245 0.0659,1.67496 0.2133,2.49735 0.38745,2.1623 1.39237,4.19234 2.85823,5.82413 1.1512,1.28151 1.8262,1.6411 3.219,2.62425 5.62764,3.19736 7.1833,4.68484 11.7389,6.3293 1.94971,0.7038 3.962,1.23976 5.99687,1.63077 0.68091,0.13084 1.36756,0.2298 2.05133,0.3447 0.71031,0.0855 1.41888,0.18679 2.13091,0.2564 1.37787,0.13471 3.35182,0.24112 4.71914,0.31025 2.8963,0.14644 5.79454,0.24086 8.6928,0.33754 5.02384,0.18224 10.04843,0.34115 15.07356,0.48276 0,0 -7.33574,-5.35052 -7.33574,-5.35052 v 0 c -4.97062,-0.0427 -9.94092,-0.14221 -14.90637,-0.38433 -2.95815,-0.13729 -5.91486,-0.28854 -8.86906,-0.49674 -1.53749,-0.10836 -3.24226,-0.23943 -4.77717,-0.42729 -0.71023,-0.0869 -1.41653,-0.20348 -2.12479,-0.30523 -0.67944,-0.1295 -1.36194,-0.24387 -2.03833,-0.3885 -1.99833,-0.42728 -3.97905,-0.98461 -5.87952,-1.74078 -0.6492,-0.2583 -2.50022,-1.23084 -1.91914,-0.84288 1.96137,1.30953 4.05251,2.4134 6.07877,3.6201 -1.38274,-0.86115 -2.1362,-1.2306 -3.32128,-2.36545 -1.5326,-1.46764 -2.68417,-3.34557 -3.20809,-5.41101 -0.19874,-0.78345 -0.24331,-1.59811 -0.36497,-2.39717 0.0246,-0.8978 -0.013,-1.79947 0.0739,-2.6934 0.42528,-4.37584 2.00348,-8.87328 3.96532,-12.7821 0.55217,-1.10014 1.19107,-2.15456 1.78661,-3.23184 1.90876,-2.89055 2.26147,-3.61625 4.54246,-6.28128 3.63984,-4.25266 7.9823,-7.821036 12.70109,-10.813781 1.17955,-0.705691 2.34338,-1.438365 3.53866,-2.117077 3.93795,-2.236075 8.05416,-4.180681 12.32032,-5.703154 0,0 -8.10347,-5.37773 -8.10347,-5.37773 z" />
    <path
       style="fill:#ff0000;stroke-width:0.264583"
       id="path1164"
       d="m 65.948094,104.97752 c 0.601747,-2.22243 0.997502,-4.49386 1.535363,-6.731681 0.558242,-2.322621 0.836242,-3.222302 1.490665,-5.548167 1.185963,-3.97904 2.611721,-7.883633 4.222946,-11.709548 1.001554,-2.378231 1.362647,-3.105632 2.437606,-5.426967 1.724017,-3.499657 3.315304,-7.125271 5.485686,-10.382432 0.318878,-0.478552 0.668541,-0.935863 1.00281,-1.403792 1.329508,-1.717979 2.942683,-3.160784 4.879108,-4.163645 1.515218,-0.784719 2.307055,-0.98739 3.953867,-1.558615 5.240499,-1.625605 10.720145,-2.107113 16.167935,-2.435566 6.07516,-0.32657 12.16072,-0.352917 18.24187,-0.488482 7.38375,-0.202893 14.766,-0.467839 22.14651,-0.766215 6.09873,-0.263382 12.19576,-0.560493 18.29153,-0.884983 4.52824,-0.242309 9.05337,-0.53993 13.58307,-0.754896 2.29849,-0.07553 4.59629,-0.170643 6.8953,-0.230773 0.70601,-0.01151 1.41048,-0.02373 2.11522,-0.06634 0,0 -2.38729,-1.712767 -2.38729,-1.712767 v 0 c -0.69104,0.04089 -1.38238,0.06234 -2.07425,0.0856 -2.28974,0.08367 -4.58026,0.151197 -6.86899,0.258017 -4.47822,0.278712 -8.95038,0.656341 -13.43321,0.861824 -6.08552,0.316633 -12.17259,0.601081 -18.25874,0.905108 -7.37552,0.32153 -14.75375,0.598768 -22.13444,0.767874 -6.10762,0.111051 -12.22045,0.100462 -18.32116,0.445093 -5.472924,0.349292 -10.974066,0.866097 -16.245114,2.471631 -1.681559,0.574712 -2.488139,0.775394 -4.034869,1.574697 -1.974099,1.020151 -3.606298,2.497807 -4.941859,4.262369 -0.332353,0.475887 -0.68073,0.940975 -0.997061,1.42766 -0.774837,1.192125 -1.32598,2.214533 -1.99,3.480839 -1.203835,2.295753 -2.32184,4.635646 -3.417107,6.984635 -1.041894,2.272903 -1.453658,3.122348 -2.427216,5.447041 -1.606764,3.83668 -3.040329,7.747299 -4.250359,11.72746 -0.652812,2.265487 -0.962173,3.275248 -1.542812,5.534708 -0.56588,2.202018 -1.001464,4.442873 -1.712603,6.605213 0,0 2.587594,1.4251 2.587594,1.4251 z" />
    <path
       style="fill:#00ff00;stroke-width:0.264583"
       id="path1168"
       d="m 83.038512,102.42701 c 1.141701,-3.66939 2.098183,-7.38853 3.000452,-11.122906 0.246137,-1.094259 0.497443,-2.187369 0.738412,-3.282778 0.728867,-3.313319 0.78598,-3.782997 1.570816,-7.108653 0.491514,-2.082729 1.230236,-5.024041 1.808006,-7.091188 0.315876,-1.130139 0.663848,-2.251059 0.99577,-3.376589 1.814272,-5.8841 4.292899,-11.526647 6.907305,-17.090794 1.277017,-2.668553 2.562077,-5.332254 3.977557,-7.930457 0.60816,-0.986668 1.20694,-2.037231 2.08987,-2.812955 0.631,-0.554389 0.84411,-0.607734 1.6177,-1.027009 3.55269,-1.558854 7.43894,-2.052823 11.25198,-2.549594 5.80195,-0.591476 11.63814,-0.789707 17.46377,-1.010674 7.56959,-0.301921 15.14512,-0.396822 22.717,-0.620239 7.17851,-0.297296 14.35854,-0.530368 21.54031,-0.729977 0.79566,-0.02183 1.59132,-0.04366 2.38698,-0.06549 0,0 -2.22956,-1.607809 -2.22956,-1.607809 v 0 c -0.77825,0.03406 -1.5565,0.06812 -2.33475,0.102174 -7.15438,0.267083 -14.31028,0.493847 -21.46383,0.784071 -7.58199,0.217752 -15.16698,0.324332 -22.74734,0.600628 -5.86413,0.202277 -11.74154,0.355727 -17.581,0.95785 -3.86674,0.504034 -7.80719,1.005295 -11.41833,2.562016 -0.81515,0.44409 -1.03101,0.493951 -1.69107,1.085405 -0.89482,0.801818 -1.48848,1.88444 -2.09956,2.899003 -1.400048,2.617576 -2.648746,5.307409 -3.867232,8.014001 -2.527374,5.621846 -5.009552,11.280902 -6.823884,17.181751 -0.330004,1.129332 -0.675757,2.254184 -0.990015,3.388 -0.543764,1.961851 -1.3374,5.129784 -1.806485,7.102001 -0.903005,3.796589 -0.740638,3.326194 -1.601169,7.09168 -0.24884,1.088872 -0.512011,2.174417 -0.768016,3.261627 -0.942872,3.696907 -1.914692,7.391257 -3.245991,10.971585 0,0 2.602304,1.42533 2.602304,1.42533 z" />
    <path
       style="fill:#0000ff;stroke-width:0.264583"
       id="path1170"
       d="m 103.80084,90.739147 c 0.99329,-4.697275 2.246,-9.336077 3.50089,-13.968791 1.39047,-4.939832 2.84537,-9.865167 4.5537,-14.705997 1.05955,-3.002425 1.38245,-3.724335 2.55993,-6.672839 2.60885,-6.153877 5.54847,-12.159149 8.30442,-18.247166 1.73367,-3.840962 3.15338,-7.810429 4.75798,-11.704629 0.38592,-0.836615 0.75068,-1.689707 1.21978,-2.485077 0.20552,-0.348469 0.36187,-0.602242 0.68425,-0.85026 0.15628,-0.120236 0.33673,-0.205272 0.5051,-0.307908 0.23185,-0.08163 0.45764,-0.183151 0.69556,-0.244886 0.74889,-0.194312 1.52849,-0.264758 2.29746,-0.307495 1.92779,-0.107137 3.85326,0.0082 5.7788,0.09812 5.17334,0.339067 10.34722,0.642453 15.52899,0.815653 4.62859,0.185589 9.25845,-0.05952 13.88103,-0.279978 2.89239,-0.139733 5.78703,-0.226047 8.6825,-0.261724 0.80329,-0.03067 1.60191,-0.123273 2.4045,-0.165846 0.55272,-10e-4 1.09751,-0.09712 1.64652,-0.15169 0.31876,-0.06732 0.63742,-0.132996 0.95923,-0.183826 0,0 -2.43752,-1.708365 -2.43752,-1.708365 v 0 c -0.31413,0.05827 -0.62601,0.129601 -0.94293,0.171618 -0.54534,0.06071 -1.08952,0.130148 -1.63888,0.141459 -0.78432,0.05581 -1.56533,0.1497 -2.35075,0.190106 -2.86033,0.09219 -5.72013,0.203452 -8.57841,0.346199 -4.60435,0.231767 -9.21602,0.479683 -13.82715,0.291077 -5.19131,-0.172183 -10.37481,-0.471886 -15.55581,-0.840522 -1.95706,-0.0989 -3.91609,-0.227382 -5.87619,-0.120583 -0.79846,0.0435 -1.61727,0.11629 -2.39189,0.335237 -0.25536,0.07218 -0.49477,0.192062 -0.74216,0.288093 -0.46865,0.308767 -0.60829,0.340381 -0.94285,0.779801 -0.66842,0.877917 -1.00037,2.088534 -1.48786,3.06106 -1.52478,3.929916 -2.89986,7.919168 -4.60325,11.778315 -2.71956,6.110573 -5.64369,12.128632 -8.25941,18.285301 -1.21267,3.043883 -1.46852,3.590665 -2.55159,6.693939 -1.69282,4.850337 -3.12692,9.78499 -4.56841,14.713998 -1.30412,4.599032 -2.59525,9.20219 -3.79775,13.82904 0,0 2.59217,1.388563 2.59217,1.388563 z" />
  </g>
</svg>
